----- Results -----
Distance: 89.41091047478227, Route: 3, 2, 1, 6, 5, 4
Distance: 89.41091047478227, Route: 4, 5, 6, 1, 2, 3
Distance: 90.69875402278396, Route: 1, 2, 3, 4, 5, 6
Distance: 90.69875402278396, Route: 6, 5, 4, 3, 2, 1
Distance: 102.08767592608352, Route: 4, 5, 6, 3, 2, 1
Distance: 102.08767592608353, Route: 1, 2, 3, 6, 5, 4
Distance: 102.46025304905604, Route: 4, 3, 2, 1, 6, 5
Distance: 102.46025304905604, Route: 5, 6, 1, 2, 3, 4
Distance: 103.05058967339824, Route: 1, 6, 5, 4, 3, 2
Distance: 103.05058967339824, Route: 2, 3, 4, 5, 6, 1
Distance: 103.77283607553862, Route: 2, 1, 6, 5, 4, 3
Distance: 103.77283607553862, Route: 3, 4, 5, 6, 1, 2
Distance: 104.13621074588788, Route: 1, 2, 3, 4, 6, 5
Distance: 104.13621074588788, Route: 5, 6, 4, 3, 2, 1
Distance: 104.2210501873552, Route: 3, 2, 1, 4, 5, 6
Distance: 104.2210501873552, Route: 6, 5, 4, 1, 2, 3
Distance: 104.57344147784028, Route: 2, 3, 1, 6, 5, 4
Distance: 104.57344147784028, Route: 4, 5, 6, 1, 3, 2
Distance: 105.45122708213398, Route: 5, 4, 3, 2, 1, 6
Distance: 105.45122708213398, Route: 6, 1, 2, 3, 4, 5
Distance: 105.83934123096414, Route: 3, 2, 1, 6, 4, 5
Distance: 105.83934123096414, Route: 5, 4, 6, 1, 2, 3
Distance: 106.20090488197796, Route: 3, 2, 4, 5, 6, 1
Distance: 106.20090488197798, Route: 1, 6, 5, 4, 2, 3
Distance: 106.58353142798235, Route: 2, 1, 3, 4, 5, 6
Distance: 106.58353142798235, Route: 6, 5, 4, 3, 1, 2
Distance: 106.59137487044687, Route: 1, 2, 6, 5, 4, 3
Distance: 106.59137487044687, Route: 3, 4, 5, 6, 2, 1
Distance: 107.39198027274853, Route: 1, 3, 2, 6, 5, 4
Distance: 107.39198027274853, Route: 4, 5, 6, 2, 3, 1
Distance: 107.58645418554381, Route: 4, 3, 2, 1, 5, 6
Distance: 107.58645418554381, Route: 6, 5, 1, 2, 3, 4
Distance: 107.97456833437396, Route: 3, 2, 1, 5, 6, 4
Distance: 107.97456833437396, Route: 4, 6, 5, 1, 2, 3
Distance: 108.11422667488891, Route: 3, 1, 2, 6, 5, 4
Distance: 108.11422667488891, Route: 4, 5, 6, 2, 1, 3
Distance: 108.62287231800612, Route: 1, 2, 3, 5, 6, 4
Distance: 108.62287231800612, Route: 4, 6, 5, 3, 2, 1
Distance: 109.01160023442169, Route: 6, 5, 4, 2, 3, 1
Distance: 109.0116002344217, Route: 1, 3, 2, 4, 5, 6
Distance: 109.73384663656208, Route: 3, 1, 2, 4, 5, 6
Distance: 109.73384663656209, Route: 6, 5, 4, 2, 1, 3
Distance: 109.93788865425222, Route: 4, 5, 3, 2, 1, 6
Distance: 109.93788865425223, Route: 6, 1, 2, 3, 5, 4
Distance: 110.9655423674519, Route: 3, 2, 1, 5, 4, 6
Distance: 110.9655423674519, Route: 6, 4, 5, 1, 2, 3
Distance: 111.61384635108406, Route: 1, 2, 3, 5, 4, 6
Distance: 111.61384635108406, Route: 6, 4, 5, 3, 2, 1
Distance: 115.75883939460039, Route: 4, 3, 2, 5, 6, 1
Distance: 115.7588393946004, Route: 1, 6, 5, 2, 3, 4
Distance: 117.65850691045912, Route: 3, 2, 1, 4, 6, 5
Distance: 117.65850691045912, Route: 5, 6, 4, 1, 2, 3
Distance: 117.97245333128191, Route: 2, 1, 3, 6, 5, 4
Distance: 117.97245333128191, Route: 4, 5, 6, 3, 1, 2
Distance: 118.15704349357263, Route: 1, 2, 5, 6, 4, 3
Distance: 118.15704349357263, Route: 3, 4, 6, 5, 2, 1
Distance: 118.5161066822654, Route: 1, 2, 3, 6, 4, 5
Distance: 118.5161066822654, Route: 5, 4, 6, 3, 2, 1
Distance: 118.95764889587427, Route: 1, 3, 2, 5, 6, 4
Distance: 118.95764889587427, Route: 4, 6, 5, 2, 3, 1
Distance: 119.13792757650849, Route: 3, 2, 5, 4, 6, 1
Distance: 119.1379275765085, Route: 1, 6, 4, 5, 2, 3
Distance: 119.2917811491845, Route: 4, 3, 1, 2, 5, 6
Distance: 119.29178114918452, Route: 6, 5, 2, 1, 3, 4
Distance: 119.38358119041321, Route: 2, 3, 1, 4, 5, 6
Distance: 119.38358119041321, Route: 6, 5, 4, 1, 3, 2
Distance: 119.39142463287773, Route: 1, 4, 5, 6, 2, 3
Distance: 119.39142463287773, Route: 3, 2, 6, 5, 4, 1
Distance: 119.47205982981872, Route: 3, 4, 5, 2, 1, 6
Distance: 119.47205982981873, Route: 6, 1, 2, 5, 4, 3
Distance: 119.59991673541961, Route: 1, 2, 4, 5, 6, 3
Distance: 119.59991673541963, Route: 3, 6, 5, 4, 2, 1
Distance: 119.67989529801466, Route: 4, 6, 5, 2, 1, 3
Distance: 119.67989529801467, Route: 3, 1, 2, 5, 6, 4
Distance: 119.97249385839211, Route: 3, 4, 2, 1, 6, 5
Distance: 119.97249385839213, Route: 5, 6, 1, 2, 4, 3
Distance: 120.02098815108627, Route: 2, 1, 3, 4, 6, 5
Distance: 120.02098815108627, Route: 5, 6, 4, 3, 1, 2
Distance: 120.27266523212037, Route: 4, 5, 2, 3, 1, 6
Distance: 120.27266523212039, Route: 6, 1, 3, 2, 5, 4
Distance: 120.6216015276565, Route: 5, 4, 3, 2, 6, 1
Distance: 120.62160152765651, Route: 1, 6, 2, 3, 4, 5
Distance: 120.77309926069378, Route: 4, 2, 3, 1, 6, 5
Distance: 120.77309926069378, Route: 5, 6, 1, 3, 2, 4
Distance: 121.00187223402214, Route: 2, 3, 1, 6, 4, 5
Distance: 121.00187223402214, Route: 5, 4, 6, 1, 3, 2
Distance: 121.16356924916268, Route: 4, 3, 1, 2, 6, 5
Distance: 121.16356924916268, Route: 5, 6, 2, 1, 3, 4
Distance: 121.30884022193062, Route: 2, 1, 6, 5, 3, 4
Distance: 121.30884022193062, Route: 4, 3, 5, 6, 1, 2
Distance: 121.61424753298994, Route: 1, 5, 6, 4, 3, 2
Distance: 121.61424753298994, Route: 2, 3, 4, 6, 5, 1
Distance: 121.75390587350488, Route: 1, 3, 4, 5, 6, 2
Distance: 121.75390587350488, Route: 2, 6, 5, 4, 3, 1
Distance: 121.7570543337472, Route: 4, 1, 2, 3, 5, 6
Distance: 121.75705433374722, Route: 6, 5, 3, 2, 1, 4
Distance: 121.94862292895222, Route: 1, 3, 2, 5, 4, 6
Distance: 121.94862292895222, Route: 6, 4, 5, 2, 3, 1
Distance: 121.96635012192132, Route: 4, 5, 1, 2, 3, 6
Distance: 121.96635012192134, Route: 6, 3, 2, 1, 5, 4
Distance: 122.08568228717635, Route: 2, 4, 5, 6, 1, 3
Distance: 122.08568228717635, Route: 3, 1, 6, 5, 4, 2
Distance: 122.33649393513032, Route: 2, 1, 5, 6, 4, 3
Distance: 122.33649393513032, Route: 3, 4, 6, 5, 1, 2
Distance: 122.44905695752563, Route: 1, 3, 2, 4, 6, 5
Distance: 122.44905695752563, Route: 5, 6, 4, 2, 3, 1
Distance: 122.6708693310926, Route: 6, 4, 5, 2, 1, 3
Distance: 122.67086933109262, Route: 3, 1, 2, 5, 4, 6
Distance: 122.75682863106633, Route: 4, 3, 2, 6, 5, 1
Distance: 122.75682863106634, Route: 1, 5, 6, 2, 3, 4
Distance: 122.92926386923602, Route: 6, 1, 5, 4, 3, 2
Distance: 122.92926386923604, Route: 2, 3, 4, 5, 1, 6
Distance: 123.13709933743196, Route: 2, 3, 1, 5, 6, 4
Distance: 123.13709933743196, Route: 4, 6, 5, 1, 3, 2
Distance: 123.171303359666, Route: 3, 1, 2, 4, 6, 5
Distance: 123.17130335966601, Route: 5, 6, 4, 2, 1, 3
Distance: 123.37534537735615, Route: 4, 6, 1, 2, 3, 5
Distance: 123.37534537735615, Route: 5, 3, 2, 1, 6, 4
Distance: 123.73690902836998, Route: 1, 6, 5, 3, 2, 4
Distance: 123.73690902836998, Route: 4, 2, 3, 5, 6, 1
Distance: 123.76407329377172, Route: 5, 4, 2, 3, 1, 6
Distance: 123.76407329377172, Route: 6, 1, 3, 2, 4, 5
Distance: 123.8204110289304, Route: 1, 3, 2, 6, 4, 5
Distance: 123.8204110289304, Route: 5, 4, 6, 2, 3, 1
Distance: 123.96568200169834, Route: 2, 3, 5, 4, 6, 1
Distance: 123.96568200169835, Route: 1, 6, 4, 5, 3, 2
Distance: 124.01488494172567, Route: 5, 1, 2, 3, 4, 6
Distance: 124.01488494172568, Route: 6, 4, 3, 2, 1, 5
Distance: 124.12737901683887, Route: 1, 2, 6, 5, 3, 4
Distance: 124.12737901683887, Route: 4, 3, 5, 6, 2, 1
Distance: 124.15454328224061, Route: 5, 4, 3, 1, 2, 6
Distance: 124.15454328224062, Route: 6, 2, 1, 3, 4, 5
Distance: 124.45915543051035, Route: 4, 2, 1, 6, 5, 3
Distance: 124.45915543051038, Route: 3, 5, 6, 1, 2, 4
Distance: 124.45995911614258, Route: 4, 5, 1, 6, 2, 3
Distance: 124.4599591161426, Route: 3, 2, 6, 1, 5, 4
Distance: 124.50764972320451, Route: 4, 6, 5, 3, 1, 2
Distance: 124.50764972320452, Route: 2, 1, 3, 5, 6, 4
Distance: 124.54265743107078, Route: 3, 1, 2, 6, 4, 5
Distance: 124.54265743107078, Route: 5, 4, 6, 2, 1, 3
Distance: 124.68792840383873, Route: 2, 1, 6, 4, 5, 3
Distance: 124.68792840383873, Route: 3, 5, 4, 6, 1, 2
Distance: 124.76456274156965, Route: 3, 2, 4, 6, 5, 1
Distance: 124.76456274156968, Route: 1, 5, 6, 4, 2, 3
Distance: 125.09869499487989, Route: 3, 4, 2, 1, 5, 6
Distance: 125.09869499487989, Route: 6, 5, 1, 2, 4, 3
Distance: 125.10826309977475, Route: 4, 5, 3, 2, 6, 1
Distance: 125.10826309977476, Route: 1, 6, 2, 3, 5, 4
Distance: 125.74699897851205, Route: 1, 2, 4, 3, 5, 6
Distance: 125.74699897851205, Route: 6, 5, 3, 4, 2, 1
Distance: 125.74780266414427, Route: 1, 5, 4, 3, 2, 6
Distance: 125.74780266414427, Route: 6, 2, 3, 4, 5, 1
Distance: 125.89930039718155, Route: 6, 5, 1, 3, 2, 4
Distance: 125.89930039718156, Route: 4, 2, 3, 1, 5, 6
Distance: 126.07957907781575, Route: 3, 2, 4, 5, 1, 6
Distance: 126.07957907781577, Route: 6, 1, 5, 4, 2, 3
Distance: 126.12807337050991, Route: 2, 3, 1, 5, 4, 6
Distance: 126.12807337050991, Route: 6, 4, 5, 1, 3, 2
Distance: 126.13511312734221, Route: 1, 2, 4, 6, 5, 3
Distance: 126.13511312734222, Route: 3, 5, 6, 4, 2, 1
Distance: 126.13591681297443, Route: 1, 5, 4, 6, 2, 3
Distance: 126.13591681297444, Route: 3, 2, 6, 4, 5, 1
Distance: 126.47004906628466, Route: 3, 4, 5, 1, 2, 6
Distance: 126.47004906628467, Route: 6, 2, 1, 5, 4, 3
Distance: 127.2698507829541, Route: 4, 2, 1, 3, 5, 6
Distance: 127.26985078295411, Route: 6, 5, 3, 1, 2, 4
Distance: 127.27065446858632, Route: 4, 5, 1, 3, 2, 6
Distance: 127.27065446858633, Route: 6, 2, 3, 1, 5, 4
Distance: 127.4501294635883, Route: 3, 5, 4, 2, 1, 6
Distance: 127.4501294635883, Route: 6, 1, 2, 4, 5, 3
Distance: 127.49862375628246, Route: 6, 4, 5, 3, 1, 2
Distance: 127.49862375628247, Route: 2, 1, 3, 5, 4, 6
Distance: 127.50646719874698, Route: 1, 2, 6, 4, 5, 3
Distance: 127.50646719874698, Route: 3, 5, 4, 6, 2, 1
Distance: 128.64120485435885, Route: 6, 2, 1, 3, 5, 4
Distance: 128.64120485435888, Route: 4, 5, 3, 1, 2, 6
Distance: 128.65931466492856, Route: 4, 1, 2, 3, 6, 5
Distance: 128.65931466492856, Route: 5, 6, 3, 2, 1, 4
Distance: 129.15785124804202, Route: 1, 2, 5, 6, 3, 4
Distance: 129.15785124804205, Route: 4, 3, 6, 5, 2, 1
Distance: 129.24965128927073, Route: 1, 4, 5, 6, 3, 2
Distance: 129.24965128927073, Route: 2, 3, 6, 5, 4, 1
Distance: 129.28113555917164, Route: 3, 2, 5, 6, 1, 4
Distance: 129.28113555917164, Route: 4, 1, 6, 5, 2, 3
Distance: 129.62222841224326, Route: 2, 3, 4, 1, 6, 5
Distance: 129.62222841224326, Route: 5, 6, 1, 4, 3, 2
Distance: 129.97189769141113, Route: 2, 1, 4, 5, 6, 3
Distance: 129.97189769141113, Route: 3, 6, 5, 4, 1, 2
Distance: 130.13873533097788, Route: 1, 6, 3, 2, 5, 4
Distance: 130.13873533097788, Route: 4, 5, 2, 3, 6, 1
Distance: 130.56897910717333, Route: 1, 4, 3, 2, 5, 6
Distance: 130.56897910717333, Route: 6, 5, 2, 3, 4, 1
Distance: 130.86098173311828, Route: 3, 6, 1, 2, 5, 4
Distance: 130.86098173311828, Route: 4, 5, 2, 1, 6, 3
Distance: 130.95709325600347, Route: 1, 4, 6, 5, 2, 3
Distance: 130.95709325600347, Route: 3, 2, 5, 6, 4, 1
Distance: 131.2020745861899, Route: 2, 1, 6, 3, 4, 5
Distance: 131.2020745861899, Route: 5, 4, 3, 6, 1, 2
Distance: 131.2912255093137, Route: 6, 5, 2, 1, 4, 3
Distance: 131.29122550931373, Route: 3, 4, 1, 2, 5, 6
Distance: 131.6436167997988, Route: 2, 5, 6, 1, 3, 4
Distance: 131.6436167997988, Route: 4, 3, 1, 6, 5, 2
Distance: 131.65028869800648, Route: 5, 4, 1, 2, 3, 6
Distance: 131.65028869800648, Route: 6, 3, 2, 1, 4, 5
Distance: 132.09183091161538, Route: 4, 1, 3, 2, 5, 6
Distance: 132.09183091161538, Route: 6, 5, 2, 3, 1, 4
Distance: 132.14882528111997, Route: 1, 2, 5, 4, 3, 6
Distance: 132.14882528112, Route: 6, 3, 4, 5, 2, 1
Distance: 132.18727015078224, Route: 5, 2, 3, 4, 6, 1
Distance: 132.18727015078227, Route: 1, 6, 4, 3, 2, 5
Distance: 132.27210959224956, Route: 3, 2, 5, 4, 1, 6
Distance: 132.2721095922496, Route: 6, 1, 4, 5, 2, 3
Distance: 132.4407672071515, Route: 1, 4, 3, 2, 6, 5
Distance: 132.4407672071515, Route: 5, 6, 2, 3, 4, 1
Distance: 132.53693942995014, Route: 1, 2, 5, 4, 6, 3
Distance: 132.53693942995014, Route: 3, 6, 4, 5, 2, 1
Distance: 132.64925930969338, Route: 1, 2, 4, 3, 6, 5
Distance: 132.6492593096934, Route: 5, 6, 3, 4, 2, 1
Distance: 132.77254362082297, Route: 3, 2, 4, 1, 6, 5
Distance: 132.77254362082297, Route: 5, 6, 1, 4, 2, 3
Distance: 132.82103791351713, Route: 2, 3, 1, 4, 6, 5
Distance: 132.82103791351713, Route: 5, 6, 4, 1, 3, 2
Distance: 132.90951655292264, Route: 3, 4, 6, 1, 2, 5
Distance: 132.90951655292264, Route: 5, 2, 1, 6, 4, 3
Distance: 133.16301360929188, Route: 3, 4, 1, 2, 6, 5
Distance: 133.16301360929188, Route: 5, 6, 2, 1, 4, 3
Distance: 133.27108020393646, Route: 1, 6, 5, 2, 4, 3
Distance: 133.27108020393646, Route: 3, 4, 2, 5, 6, 1
Distance: 133.31957449663062, Route: 1, 3, 4, 6, 5, 2
Distance: 133.31957449663065, Route: 2, 5, 6, 4, 3, 1
Distance: 133.3373016895997, Route: 2, 1, 5, 6, 3, 4
Distance: 133.33730168959974, Route: 4, 3, 6, 5, 1, 2
Distance: 133.63014339262924, Route: 1, 6, 3, 2, 4, 5
Distance: 133.63014339262924, Route: 5, 4, 2, 3, 6, 1
Distance: 133.671677085562, Route: 4, 5, 2, 1, 3, 6
Distance: 133.671677085562, Route: 6, 3, 1, 2, 5, 4
Distance: 133.71012195522428, Route: 5, 2, 3, 1, 6, 4
Distance: 133.7101219552243, Route: 4, 6, 1, 3, 2, 5
Distance: 133.96361901159355, Route: 4, 1, 3, 2, 6, 5
Distance: 133.96361901159355, Route: 5, 6, 2, 3, 1, 4
Distance: 134.02061338109814, Route: 1, 2, 6, 3, 4, 5
Distance: 134.02061338109814, Route: 5, 4, 3, 6, 2, 1
Distance: 134.1088899843615, Route: 2, 3, 5, 6, 1, 4
Distance: 134.1088899843615, Route: 4, 1, 6, 5, 3, 2
Distance: 134.14389769222774, Route: 3, 2, 6, 1, 4, 5
Distance: 134.14389769222777, Route: 5, 4, 1, 6, 2, 3
Distance: 134.17211111413542, Route: 4, 2, 1, 3, 6, 5
Distance: 134.17211111413542, Route: 5, 6, 3, 1, 2, 4
Distance: 134.31818577253557, Route: 2, 3, 6, 1, 5, 4
Distance: 134.3181857725356, Route: 4, 5, 1, 6, 3, 2
Distance: 134.3523897947696, Route: 3, 6, 1, 2, 4, 5
Distance: 134.35238979476964, Route: 5, 4, 2, 1, 6, 3
Distance: 134.40088408746377, Route: 2, 1, 3, 6, 4, 5
Distance: 134.4008840874638, Route: 5, 4, 6, 3, 1, 2
Distance: 134.6345908328767, Route: 2, 5, 4, 3, 1, 6
Distance: 134.63459083287674, Route: 6, 1, 3, 4, 5, 2
Distance: 134.64243427534123, Route: 3, 4, 5, 2, 6, 1
Distance: 134.64243427534126, Route: 1, 6, 2, 5, 4, 3
Distance: 134.74842954873102, Route: 2, 3, 4, 1, 5, 6
Distance: 134.74842954873102, Route: 6, 5, 1, 4, 3, 2
Distance: 134.7624477384776, Route: 2, 4, 5, 6, 3, 1
Distance: 134.76244773847762, Route: 1, 3, 6, 5, 4, 2
Distance: 134.7939320083785, Route: 3, 1, 6, 5, 2, 4
Distance: 134.79393200837853, Route: 4, 2, 5, 6, 1, 3
Distance: 135.02270498170688, Route: 2, 5, 4, 6, 1, 3
Distance: 135.02270498170688, Route: 3, 1, 6, 4, 5, 2
Distance: 135.13502486145012, Route: 2, 4, 3, 1, 6, 5
Distance: 135.13502486145012, Route: 5, 6, 1, 3, 4, 2
Distance: 135.27620203807612, Route: 2, 6, 5, 4, 1, 3
Distance: 135.27620203807612, Route: 3, 1, 4, 5, 6, 2
Distance: 135.40380684502523, Route: 4, 6, 3, 2, 1, 5
Distance: 135.40380684502523, Route: 5, 1, 2, 3, 6, 4
Distance: 135.63751359043818, Route: 4, 3, 2, 5, 1, 6
Distance: 135.63751359043818, Route: 6, 1, 5, 2, 3, 4
Distance: 135.68873615830813, Route: 2, 1, 6, 3, 5, 4
Distance: 135.68873615830813, Route: 4, 5, 3, 6, 1, 2
Distance: 135.72021190536637, Route: 6, 4, 3, 1, 2, 5
Distance: 135.7202119053664, Route: 5, 2, 1, 3, 4, 6
Distance: 135.76537049603908, Route: 1, 5, 6, 3, 2, 4
Distance: 135.76537049603908, Route: 4, 2, 3, 6, 5, 1
Distance: 135.78484768119333, Route: 1, 4, 6, 5, 3, 2
Distance: 135.78484768119336, Route: 2, 3, 5, 6, 4, 1
Distance: 135.99414346936743, Route: 1, 5, 4, 6, 3, 2
Distance: 135.99414346936743, Route: 2, 3, 6, 4, 5, 1
Distance: 136.02562773926834, Route: 3, 2, 5, 1, 6, 4
Distance: 136.02562773926834, Route: 4, 6, 1, 5, 2, 3
Distance: 136.08177555638022, Route: 1, 3, 4, 2, 5, 6
Distance: 136.08177555638022, Route: 6, 5, 2, 4, 3, 1
Distance: 136.11897993450359, Route: 2, 1, 4, 3, 5, 6
Distance: 136.11897993450359, Route: 6, 5, 3, 4, 1, 2
Distance: 136.16528607978327, Route: 3, 1, 6, 2, 5, 4
Distance: 136.1652860797833, Route: 4, 5, 2, 6, 1, 3
Distance: 136.27912479563759, Route: 3, 2, 6, 5, 1, 4
Distance: 136.27912479563759, Route: 4, 1, 5, 6, 2, 3
Distance: 136.32827572267766, Route: 2, 1, 5, 4, 3, 6
Distance: 136.3282757226777, Route: 6, 3, 4, 5, 1, 2
Distance: 136.36672059233996, Route: 2, 3, 4, 6, 1, 5
Distance: 136.36672059233996, Route: 5, 1, 6, 4, 3, 2
Distance: 136.48761689817945, Route: 4, 2, 1, 5, 6, 3
Distance: 136.48761689817948, Route: 3, 6, 5, 1, 2, 4
Distance: 136.5063789328549, Route: 2, 6, 1, 3, 4, 5
Distance: 136.5063789328549, Route: 5, 4, 3, 1, 6, 2
Distance: 136.50709408333373, Route: 2, 1, 4, 6, 5, 3
Distance: 136.50709408333373, Route: 3, 5, 6, 4, 1, 2
Distance: 136.71638987150783, Route: 2, 1, 5, 4, 6, 3
Distance: 136.71638987150783, Route: 3, 6, 4, 5, 1, 2
Distance: 136.95459304467147, Route: 5, 4, 1, 3, 2, 6
Distance: 136.95459304467147, Route: 6, 2, 3, 1, 4, 5
Distance: 137.00806397621074, Route: 4, 3, 5, 2, 1, 6
Distance: 137.00806397621074, Route: 6, 1, 2, 5, 3, 4
Distance: 137.09986401743942, Route: 2, 3, 5, 4, 1, 6
Distance: 137.09986401743944, Route: 6, 1, 4, 5, 3, 2
Distance: 137.16308514721337, Route: 5, 4, 2, 1, 3, 6
Distance: 137.16308514721337, Route: 6, 3, 1, 2, 4, 5
Distance: 137.31347128727003, Route: 1, 5, 2, 3, 4, 6
Distance: 137.31347128727003, Route: 6, 4, 3, 2, 5, 1
Distance: 137.39617812504088, Route: 3, 5, 2, 1, 6, 4
Distance: 137.3961781250409, Route: 4, 6, 1, 2, 5, 3
Distance: 137.45312962778496, Route: 1, 3, 4, 5, 2, 6
Distance: 137.45312962778496, Route: 6, 2, 5, 4, 3, 1
Distance: 137.50930169041635, Route: 4, 3, 2, 6, 1, 5
Distance: 137.50930169041635, Route: 5, 1, 6, 2, 3, 4
Distance: 137.64967518141012, Route: 4, 1, 2, 6, 5, 3
Distance: 137.64967518141015, Route: 3, 5, 6, 2, 1, 4
Distance: 137.7372709781125, Route: 2, 1, 6, 4, 3, 5
Distance: 137.7372709781125, Route: 5, 3, 4, 6, 1, 2
Distance: 137.85897096958422, Route: 3, 6, 2, 1, 5, 4
Distance: 137.85897096958422, Route: 4, 5, 1, 2, 6, 3
Distance: 137.89874475731077, Route: 3, 2, 4, 1, 5, 6
Distance: 137.89874475731077, Route: 6, 5, 1, 4, 2, 3
Distance: 137.95356365635837, Route: 1, 3, 4, 2, 6, 5
Distance: 137.95356365635837, Route: 5, 6, 2, 4, 3, 1
Distance: 138.09883462912632, Route: 2, 4, 3, 5, 6, 1
Distance: 138.09883462912634, Route: 1, 6, 5, 3, 4, 2
Distance: 138.18548508992907, Route: 6, 4, 1, 2, 3, 5
Distance: 138.1854850899291, Route: 5, 3, 2, 1, 4, 6
Distance: 138.50727495321638, Route: 1, 2, 6, 3, 5, 4
Distance: 138.50727495321638, Route: 4, 5, 3, 6, 2, 1
Distance: 138.54704874094293, Route: 1, 4, 2, 3, 5, 6
Distance: 138.54704874094293, Route: 6, 5, 3, 2, 4, 1
Distance: 138.64160603626473, Route: 2, 6, 5, 1, 3, 4
Distance: 138.64160603626473, Route: 4, 3, 1, 5, 6, 2
Distance: 138.6840216730426, Route: 1, 2, 5, 3, 4, 6
Distance: 138.6840216730426, Route: 6, 4, 3, 5, 2, 1
Distance: 138.756344529117, Route: 1, 5, 4, 2, 3, 6
Distance: 138.75634452911703, Route: 6, 3, 2, 4, 5, 1
Distance: 138.82188471689892, Route: 3, 4, 5, 1, 6, 2
Distance: 138.82188471689895, Route: 2, 6, 1, 5, 4, 3
Distance: 139.51703580091967, Route: 3, 2, 4, 6, 1, 5
Distance: 139.51703580091967, Route: 5, 1, 6, 4, 2, 3
Distance: 139.65669414143463, Route: 3, 1, 6, 2, 4, 5
Distance: 139.65669414143463, Route: 5, 4, 2, 6, 1, 3
Distance: 139.90750578938858, Route: 3, 4, 6, 2, 1, 5
Distance: 139.90750578938858, Route: 5, 1, 2, 6, 4, 3
Distance: 139.91840281234767, Route: 1, 4, 5, 3, 2, 6
Distance: 139.91840281234767, Route: 6, 2, 3, 5, 4, 1
Distance: 140.12689491488956, Route: 1, 2, 4, 5, 3, 6
Distance: 140.1268949148896, Route: 6, 3, 5, 4, 2, 1
Distance: 140.16533978455183, Route: 5, 3, 2, 4, 6, 1
Distance: 140.16533978455186, Route: 1, 6, 4, 2, 3, 5
Distance: 140.2612259979379, Route: 2, 4, 3, 1, 5, 6
Distance: 140.2612259979379, Route: 6, 5, 1, 3, 4, 2
Distance: 140.2690694404024, Route: 1, 5, 6, 2, 4, 3
Distance: 140.2690694404024, Route: 3, 4, 2, 6, 5, 1
Distance: 140.49947203786206, Route: 5, 3, 4, 2, 1, 6
Distance: 140.49947203786206, Route: 6, 1, 2, 4, 3, 5
Distance: 140.55580977302074, Route: 1, 2, 6, 4, 3, 5
Distance: 140.55580977302074, Route: 5, 3, 4, 6, 2, 1
Distance: 140.64064921448806, Route: 3, 5, 4, 1, 2, 6
Distance: 140.64064921448806, Route: 6, 2, 1, 4, 5, 3
Distance: 140.64934014676805, Route: 2, 4, 6, 5, 1, 3
Distance: 140.64934014676805, Route: 3, 1, 5, 6, 4, 2
Distance: 140.70811119169025, Route: 4, 6, 2, 3, 1, 5
Distance: 140.70811119169025, Route: 5, 1, 3, 2, 6, 4
Distance: 140.8533821644582, Route: 2, 3, 5, 1, 6, 4
Distance: 140.8533821644582, Route: 4, 6, 1, 5, 3, 2
Distance: 140.99304050497312, Route: 2, 6, 1, 3, 5, 4
Distance: 140.99304050497312, Route: 4, 5, 3, 1, 6, 2
Distance: 141.29764413040022, Route: 1, 3, 5, 6, 4, 2
Distance: 141.29764413040022, Route: 2, 4, 6, 5, 3, 1
Distance: 141.79192124484445, Route: 3, 1, 5, 6, 2, 4
Distance: 141.79192124484445, Route: 4, 2, 6, 5, 1, 3
Distance: 142.02069421817282, Route: 2, 6, 4, 5, 1, 3
Distance: 142.02069421817282, Route: 3, 1, 5, 4, 6, 2
Distance: 142.07866157746278, Route: 4, 6, 2, 1, 3, 5
Distance: 142.07866157746278, Route: 5, 3, 1, 2, 6, 4
Distance: 142.3277311533634, Route: 5, 1, 3, 2, 4, 6
Distance: 142.3277311533634, Route: 6, 4, 2, 3, 1, 5
Distance: 142.4402252284766, Route: 1, 3, 5, 6, 2, 4
Distance: 142.4402252284766, Route: 4, 2, 6, 5, 3, 1
Distance: 142.6126604666463, Route: 2, 4, 5, 3, 1, 6
Distance: 142.61266046664633, Route: 6, 1, 3, 5, 4, 2
Distance: 142.62050390911082, Route: 1, 6, 2, 4, 5, 3
Distance: 142.62050390911082, Route: 3, 5, 4, 2, 6, 1
Distance: 142.66899820180498, Route: 1, 3, 5, 4, 6, 2
Distance: 142.66899820180498, Route: 2, 6, 4, 5, 3, 1
Distance: 142.68014741261328, Route: 3, 6, 5, 2, 1, 4
Distance: 142.68014741261328, Route: 4, 1, 2, 5, 6, 3
Distance: 142.86347211460026, Route: 2, 1, 5, 3, 4, 6
Distance: 142.86347211460028, Route: 6, 4, 3, 5, 1, 2
Distance: 143.0212402656849, Route: 2, 1, 4, 3, 6, 5
Distance: 143.0212402656849, Route: 5, 6, 3, 4, 1, 2
Distance: 143.61558322420777, Route: 4, 2, 3, 5, 1, 6
Distance: 143.61558322420777, Route: 6, 1, 5, 3, 2, 4
Distance: 143.64306115992798, Route: 2, 5, 6, 1, 4, 3
Distance: 143.64306115992798, Route: 3, 4, 1, 6, 5, 2
Distance: 143.67192095936645, Route: 1, 5, 3, 2, 6, 4
Distance: 143.67192095936645, Route: 4, 6, 2, 3, 5, 1
Distance: 143.69828153913596, Route: 5, 3, 1, 2, 4, 6
Distance: 143.69828153913596, Route: 6, 4, 2, 1, 3, 5
Distance: 143.91032430739205, Route: 4, 3, 6, 1, 2, 5
Distance: 143.91032430739205, Route: 5, 2, 1, 6, 3, 4
Distance: 144.00212434862075, Route: 2, 3, 6, 1, 4, 5
Distance: 144.00212434862075, Route: 5, 4, 1, 6, 3, 2
Distance: 144.00605321267668, Route: 4, 3, 5, 1, 2, 6
Distance: 144.00605321267668, Route: 6, 2, 1, 5, 3, 4
Distance: 144.39416736150685, Route: 3, 5, 1, 2, 6, 4
Distance: 144.39416736150685, Route: 4, 6, 2, 1, 5, 3
Distance: 144.50066093173425, Route: 1, 6, 3, 4, 5, 2
Distance: 144.50066093173425, Route: 2, 5, 4, 3, 6, 1
Distance: 144.78289527792242, Route: 3, 1, 5, 4, 2, 6
Distance: 144.78289527792242, Route: 6, 2, 4, 5, 1, 3
Distance: 144.94887504355083, Route: 1, 4, 5, 2, 3, 6
Distance: 144.94887504355086, Route: 6, 3, 2, 5, 4, 1
Distance: 145.29154092103963, Route: 1, 5, 3, 2, 4, 6
Distance: 145.29154092103963, Route: 6, 4, 2, 3, 5, 1
Distance: 145.32145216652333, Route: 5, 2, 3, 4, 1, 6
Distance: 145.32145216652336, Route: 6, 1, 4, 3, 2, 5
Distance: 145.43119926155458, Route: 1, 3, 5, 4, 2, 6
Distance: 145.43119926155458, Route: 6, 2, 4, 5, 3, 1
Distance: 145.44930907212424, Route: 1, 4, 2, 3, 6, 5
Distance: 145.44930907212424, Route: 5, 6, 3, 2, 4, 1
Distance: 146.01378732318, Route: 3, 5, 1, 2, 4, 6
Distance: 146.01378732318003, Route: 6, 4, 2, 1, 5, 3
Distance: 146.1373514520306, Route: 2, 3, 6, 5, 1, 4
Distance: 146.1373514520306, Route: 4, 1, 5, 6, 3, 2
Distance: 146.84187066120188, Route: 2, 5, 6, 4, 1, 3
Distance: 146.84187066120188, Route: 3, 1, 4, 6, 5, 2
Distance: 147.10913380866594, Route: 4, 6, 3, 1, 2, 5
Distance: 147.10913380866594, Route: 5, 2, 1, 3, 6, 4
Distance: 147.47069745967977, Route: 1, 3, 6, 5, 2, 4
Distance: 147.4706974596798, Route: 4, 2, 5, 6, 3, 1
Distance: 147.54290954566937, Route: 3, 6, 2, 1, 4, 5
Distance: 147.5429095456694, Route: 5, 4, 1, 2, 6, 3
Distance: 147.69947043300812, Route: 2, 5, 4, 6, 3, 1
Distance: 147.69947043300814, Route: 1, 3, 6, 4, 5, 2
Distance: 148.52026166779723, Route: 5, 2, 3, 1, 4, 6
Distance: 148.52026166779723, Route: 6, 4, 1, 3, 2, 5
Distance: 148.7023931905696, Route: 1, 5, 2, 3, 6, 4
Distance: 148.7023931905696, Route: 4, 6, 3, 2, 5, 1
Distance: 148.84205153108454, Route: 1, 3, 6, 2, 5, 4
Distance: 148.84205153108456, Route: 4, 5, 2, 6, 3, 1
Distance: 149.21462865405704, Route: 5, 2, 6, 1, 3, 4
Distance: 149.21462865405707, Route: 4, 3, 1, 6, 2, 5
Distance: 149.60407172095148, Route: 3, 1, 4, 2, 5, 6
Distance: 149.60407172095148, Route: 6, 5, 2, 4, 1, 3
Distance: 150.07294357634214, Route: 1, 2, 5, 3, 6, 4
Distance: 150.07294357634217, Route: 4, 6, 3, 5, 2, 1
Distance: 150.12729609679542, Route: 2, 4, 3, 6, 5, 1
Distance: 150.12729609679545, Route: 1, 5, 6, 3, 4, 2
Distance: 150.38755334002468, Route: 2, 5, 1, 6, 4, 3
Distance: 150.3875533400247, Route: 3, 4, 6, 1, 5, 2
Distance: 150.49887587088108, Route: 2, 1, 4, 5, 3, 6
Distance: 150.49887587088108, Route: 6, 3, 5, 4, 1, 2
Distance: 150.51784355538908, Route: 5, 1, 6, 3, 2, 4
Distance: 150.5178435553891, Route: 4, 2, 3, 6, 1, 5
Distance: 150.64105039639392, Route: 2, 6, 5, 1, 4, 3
Distance: 150.64105039639392, Route: 3, 4, 1, 5, 6, 2
Distance: 150.83424861573022, Route: 5, 2, 4, 3, 1, 6
Distance: 150.83424861573025, Route: 6, 1, 3, 4, 2, 5
Distance: 150.83576745184126, Route: 3, 2, 5, 1, 4, 6
Distance: 150.8357674518413, Route: 6, 4, 1, 5, 2, 3
Distance: 150.8905863508889, Route: 1, 3, 4, 6, 2, 5
Distance: 150.8905863508889, Route: 5, 2, 6, 4, 3, 1
Distance: 150.908313543858, Route: 4, 3, 6, 2, 1, 5
Distance: 150.908313543858, Route: 5, 1, 2, 6, 3, 4
Distance: 150.97542579235622, Route: 6, 2, 5, 4, 1, 3
Distance: 150.97542579235625, Route: 3, 1, 4, 5, 2, 6
Distance: 151.03585732365684, Route: 2, 5, 3, 4, 6, 1
Distance: 151.03585732365687, Route: 1, 6, 4, 3, 5, 2
Distance: 151.2223627645604, Route: 3, 1, 6, 4, 2, 5
Distance: 151.2223627645604, Route: 5, 2, 4, 6, 1, 3
Distance: 151.28935438002608, Route: 1, 4, 3, 5, 6, 2
Distance: 151.2893543800261, Route: 2, 6, 5, 3, 4, 1
Distance: 151.4758598209296, Route: 5, 6, 2, 4, 1, 3
Distance: 151.47585982092966, Route: 3, 1, 4, 2, 6, 5
Distance: 151.4986501682002, Route: 1, 5, 4, 3, 6, 2
Distance: 151.49865016820021, Route: 2, 6, 3, 4, 5, 1
Distance: 151.62113079369757, Route: 2, 4, 1, 6, 5, 3
Distance: 151.62113079369757, Route: 3, 5, 6, 1, 4, 2
Distance: 151.67990183861974, Route: 5, 3, 2, 6, 1, 4
Distance: 151.67990183861977, Route: 4, 1, 6, 2, 3, 5
Distance: 151.83042658187168, Route: 2, 4, 5, 1, 6, 3
Distance: 151.83042658187168, Route: 3, 6, 1, 5, 4, 2
Distance: 151.88839394116164, Route: 4, 2, 1, 6, 3, 5
Distance: 151.88839394116164, Route: 5, 3, 6, 1, 2, 4
Distance: 152.17843842173326, Route: 1, 6, 2, 5, 3, 4
Distance: 152.17843842173326, Route: 4, 3, 5, 2, 6, 1
Distance: 152.20631783761382, Route: 3, 5, 2, 1, 4, 6
Distance: 152.20631783761382, Route: 6, 4, 1, 2, 5, 3
Distance: 152.3194414029893, Route: 5, 1, 4, 3, 2, 6
Distance: 152.3194414029893, Route: 6, 2, 3, 4, 1, 5
Distance: 152.3334595927359, Route: 1, 3, 6, 2, 4, 5
Distance: 152.3334595927359, Route: 5, 4, 2, 6, 3, 1
Distance: 152.4787305655038, Route: 2, 4, 5, 3, 6, 1
Distance: 152.47873056550384, Route: 1, 6, 3, 5, 4, 2
Distance: 152.52793350553117, Route: 5, 1, 2, 4, 3, 6
Distance: 152.52793350553117, Route: 6, 3, 4, 2, 1, 5
Distance: 152.55870912809888, Route: 2, 5, 3, 1, 6, 4
Distance: 152.5587091280989, Route: 4, 6, 1, 3, 5, 2
Distance: 152.70755555181944, Route: 3, 2, 6, 4, 1, 5
Distance: 152.70755555181944, Route: 5, 1, 4, 6, 2, 3
Distance: 152.81220618446812, Route: 4, 1, 3, 5, 6, 2
Distance: 152.81220618446815, Route: 2, 6, 5, 3, 1, 4
Distance: 152.9160476543613, Route: 3, 6, 4, 2, 1, 5
Distance: 152.91604765436134, Route: 5, 1, 2, 4, 6, 3
Distance: 152.99248486510234, Route: 2, 6, 1, 4, 5, 3
Distance: 152.99248486510234, Route: 3, 5, 4, 1, 6, 2
Distance: 153.02150197264223, Route: 2, 6, 3, 1, 5, 4
Distance: 153.02150197264223, Route: 4, 5, 1, 3, 6, 2
Distance: 153.14975439977425, Route: 3, 4, 2, 5, 1, 6
Distance: 153.14975439977425, Route: 6, 1, 5, 2, 4, 3
Distance: 153.19824869246844, Route: 2, 5, 1, 3, 4, 6
Distance: 153.19824869246844, Route: 6, 4, 3, 1, 5, 2
Distance: 153.20609213493293, Route: 1, 5, 2, 6, 4, 3
Distance: 153.20609213493296, Route: 3, 4, 6, 2, 5, 1
Distance: 153.29952180029292, Route: 5, 3, 2, 4, 1, 6
Distance: 153.29952180029295, Route: 6, 1, 4, 2, 3, 5
Distance: 153.3558595354516, Route: 1, 4, 6, 2, 3, 5
Distance: 153.3558595354516, Route: 5, 3, 2, 6, 4, 1
Distance: 153.5643516379935, Route: 1, 2, 4, 6, 3, 5
Distance: 153.5643516379935, Route: 5, 3, 6, 4, 2, 1
Distance: 153.68999178876183, Route: 5, 3, 4, 1, 2, 6
Distance: 153.68999178876183, Route: 6, 2, 1, 4, 3, 5
Distance: 154.18617253223658, Route: 3, 5, 2, 4, 6, 1
Distance: 154.1861725322366, Route: 1, 6, 4, 2, 5, 3
Distance: 154.25239401789983, Route: 2, 1, 5, 3, 6, 4
Distance: 154.25239401789986, Route: 4, 6, 3, 5, 1, 2
Distance: 154.34082979054483, Route: 4, 3, 1, 5, 2, 6
Distance: 154.34082979054483, Route: 6, 2, 5, 1, 3, 4
Distance: 154.4318261461413, Route: 2, 4, 1, 3, 5, 6
Distance: 154.4318261461413, Route: 6, 5, 3, 1, 4, 2
Distance: 154.43966958860582, Route: 1, 4, 2, 6, 5, 3
Distance: 154.43966958860582, Route: 3, 5, 6, 2, 4, 1
Distance: 154.6411219343154, Route: 2, 4, 5, 1, 3, 6
Distance: 154.64112193431544, Route: 6, 3, 1, 5, 4, 2
Distance: 154.64896537677993, Route: 1, 5, 4, 2, 6, 3
Distance: 154.64896537677993, Route: 3, 6, 2, 4, 5, 1
Distance: 154.72894393937497, Route: 3, 1, 5, 2, 6, 4
Distance: 154.72894393937497, Route: 4, 6, 2, 5, 1, 3
Distance: 155.02154249975243, Route: 3, 4, 2, 6, 1, 5
Distance: 155.02154249975243, Route: 5, 1, 6, 2, 4, 3
Distance: 155.0700367924466, Route: 2, 6, 4, 3, 1, 5
Distance: 155.0700367924466, Route: 5, 1, 3, 4, 6, 2
Distance: 155.32091018784848, Route: 4, 2, 5, 3, 1, 6
Distance: 155.32091018784848, Route: 6, 1, 3, 5, 2, 4
Distance: 155.37724792300713, Route: 1, 3, 5, 2, 6, 4
Distance: 155.37724792300713, Route: 4, 6, 2, 5, 3, 1
Distance: 155.66352187703114, Route: 2, 3, 5, 1, 4, 6
Distance: 155.66352187703114, Route: 6, 4, 1, 5, 3, 2
Distance: 155.6698464833846, Route: 1, 6, 2, 4, 3, 5
Distance: 155.6698464833846, Route: 5, 3, 4, 2, 6, 1
Distance: 156.05011718975024, Route: 2, 4, 6, 1, 3, 5
Distance: 156.05011718975024, Route: 5, 3, 1, 6, 4, 2
Distance: 156.31982661122925, Route: 1, 4, 3, 6, 5, 2
Distance: 156.31982661122925, Route: 2, 5, 6, 3, 4, 1
Distance: 156.34856390104815, Route: 3, 1, 5, 2, 4, 6
Distance: 156.34856390104818, Route: 6, 4, 2, 5, 1, 3
Distance: 156.35788886329095, Route: 2, 6, 1, 5, 3, 4
Distance: 156.35788886329095, Route: 4, 3, 5, 1, 6, 2
Distance: 156.71037406982293, Route: 4, 1, 6, 3, 2, 5
Distance: 156.71037406982293, Route: 5, 2, 3, 6, 1, 4
Distance: 156.80610297510754, Route: 4, 1, 5, 3, 2, 6
Distance: 156.80610297510754, Route: 6, 2, 3, 5, 1, 4
Distance: 156.9968678846803, Route: 1, 3, 5, 2, 4, 6
Distance: 156.99686788468034, Route: 6, 4, 2, 5, 3, 1
Distance: 157.0145950776494, Route: 4, 2, 1, 5, 3, 6
Distance: 157.01459507764943, Route: 6, 3, 5, 1, 2, 4
Distance: 157.19269828782663, Route: 4, 2, 6, 1, 3, 5
Distance: 157.19269828782663, Route: 5, 3, 1, 6, 2, 4
Distance: 157.83223785219616, Route: 5, 1, 3, 4, 2, 6
Distance: 157.83223785219616, Route: 6, 2, 4, 3, 1, 5
Distance: 157.8426784156713, Route: 2, 5, 6, 3, 1, 4
Distance: 157.84267841567132, Route: 4, 1, 3, 6, 5, 2
Distance: 157.9775088249641, Route: 2, 4, 3, 5, 1, 6
Distance: 157.97750882496413, Route: 6, 1, 5, 3, 4, 2
Distance: 158.0229570963055, Route: 2, 5, 4, 1, 6, 3
Distance: 158.0229570963055, Route: 3, 6, 1, 4, 5, 2
Distance: 158.0338465601228, Route: 1, 5, 3, 4, 6, 2
Distance: 158.0338465601228, Route: 2, 6, 4, 3, 5, 1
Distance: 158.36562297379427, Route: 2, 4, 6, 1, 5, 3
Distance: 158.36562297379427, Route: 3, 5, 1, 6, 4, 2
Distance: 158.38633176665476, Route: 1, 4, 6, 3, 2, 5
Distance: 158.38633176665476, Route: 5, 2, 3, 6, 4, 1
Distance: 158.720464019965, Route: 5, 2, 1, 4, 3, 6
Distance: 158.720464019965, Route: 6, 3, 4, 1, 2, 5
Distance: 159.10857816879513, Route: 5, 2, 1, 4, 6, 3
Distance: 159.10857816879516, Route: 3, 6, 4, 1, 2, 5
Distance: 159.470141819809, Route: 1, 4, 2, 5, 6, 3
Distance: 159.470141819809, Route: 3, 6, 5, 2, 4, 1
Distance: 159.5082040718707, Route: 3, 5, 1, 6, 2, 4
Distance: 159.5082040718707, Route: 4, 2, 6, 1, 5, 3
Distance: 160.70031871458775, Route: 1, 6, 3, 4, 2, 5
Distance: 160.70031871458775, Route: 5, 2, 4, 3, 6, 1
Distance: 160.79604761987235, Route: 1, 5, 3, 4, 2, 6
Distance: 160.79604761987238, Route: 6, 2, 4, 3, 5, 1
Distance: 160.83365244874923, Route: 2, 5, 4, 1, 3, 6
Distance: 160.83365244874923, Route: 6, 3, 1, 4, 5, 2
Distance: 160.84149589121375, Route: 1, 4, 5, 2, 6, 3
Distance: 160.84149589121375, Route: 3, 6, 2, 5, 4, 1
Distance: 161.21407301418625, Route: 3, 4, 1, 6, 2, 5
Distance: 161.21407301418625, Route: 5, 2, 6, 1, 4, 3
Distance: 161.33408647732264, Route: 2, 4, 1, 3, 6, 5
Distance: 161.33408647732264, Route: 5, 6, 3, 1, 4, 2
Distance: 161.3883610944941, Route: 2, 5, 1, 6, 3, 4
Distance: 161.38836109449412, Route: 4, 3, 6, 1, 5, 2
Distance: 161.8365752063107, Route: 4, 1, 5, 2, 3, 6
Distance: 161.8365752063107, Route: 6, 3, 2, 5, 1, 4
Distance: 162.56578220821245, Route: 2, 3, 6, 4, 1, 5
Distance: 162.56578220821245, Route: 5, 1, 4, 6, 3, 2
Distance: 162.70544054872738, Route: 2, 6, 3, 1, 4, 5
Distance: 162.70544054872738, Route: 5, 4, 1, 3, 6, 2
Distance: 163.20712559208323, Route: 4, 1, 2, 5, 3, 6
Distance: 163.20712559208323, Route: 6, 3, 5, 2, 1, 4
Distance: 163.64959226136668, Route: 2, 4, 1, 5, 6, 3
Distance: 163.64959226136668, Route: 3, 6, 5, 1, 4, 2
Distance: 163.89912821586165, Route: 1, 3, 6, 4, 2, 5
Distance: 163.89912821586165, Route: 5, 2, 4, 6, 3, 1
Distance: 163.93633259398501, Route: 2, 1, 4, 6, 3, 5
Distance: 163.93633259398501, Route: 5, 3, 6, 4, 1, 2
Distance: 164.17003933939793, Route: 2, 5, 3, 4, 1, 6
Distance: 164.17003933939796, Route: 6, 1, 4, 3, 5, 2
Distance: 164.20689988940234, Route: 1, 5, 2, 6, 3, 4
Distance: 164.20689988940237, Route: 4, 3, 6, 2, 5, 1
Distance: 164.41288251546013, Route: 5, 2, 6, 4, 1, 3
Distance: 164.41288251546015, Route: 3, 1, 4, 6, 2, 5
Distance: 164.53867630307383, Route: 3, 6, 1, 5, 2, 4
Distance: 164.53867630307386, Route: 4, 2, 5, 1, 6, 3
Distance: 164.587170595768, Route: 2, 5, 1, 3, 6, 4
Distance: 164.587170595768, Route: 4, 6, 3, 1, 5, 2
Distance: 164.87976915614541, Route: 5, 1, 6, 3, 4, 2
Distance: 164.87976915614544, Route: 2, 4, 3, 6, 1, 5
Distance: 165.0789136920614, Route: 4, 1, 2, 6, 3, 5
Distance: 165.0789136920614, Route: 5, 3, 6, 2, 1, 4
Distance: 165.186980286706, Route: 1, 6, 3, 5, 2, 4
Distance: 165.186980286706, Route: 4, 2, 5, 3, 6, 1
Distance: 165.32798326796203, Route: 5, 1, 4, 2, 3, 6
Distance: 165.32798326796205, Route: 6, 3, 2, 4, 1, 5
Distance: 165.66925031640358, Route: 1, 4, 5, 3, 6, 2
Distance: 165.66925031640363, Route: 2, 6, 3, 5, 4, 1
Distance: 165.70073458630452, Route: 3, 5, 2, 6, 1, 4
Distance: 165.70073458630452, Route: 4, 1, 6, 2, 5, 3
Distance: 165.82651985107555, Route: 1, 5, 2, 4, 3, 6
Distance: 165.82651985107555, Route: 6, 3, 4, 2, 5, 1
Distance: 166.0418274393761, Route: 2, 6, 1, 4, 3, 5
Distance: 166.0418274393761, Route: 5, 3, 4, 1, 6, 2
Distance: 166.2146339999057, Route: 1, 5, 2, 4, 6, 3
Distance: 166.2146339999057, Route: 3, 6, 4, 2, 5, 1
Distance: 166.34027415067402, Route: 3, 4, 1, 5, 2, 6
Distance: 166.34027415067402, Route: 6, 2, 5, 1, 4, 3
Distance: 166.98857813430618, Route: 1, 4, 3, 5, 2, 6
Distance: 166.98857813430618, Route: 6, 2, 5, 3, 4, 1
Distance: 167.32035454797767, Route: 3, 5, 2, 4, 1, 6
Distance: 167.3203545479777, Route: 6, 1, 4, 2, 5, 3
Distance: 167.3493716555176, Route: 4, 2, 5, 1, 3, 6
Distance: 167.3493716555176, Route: 6, 3, 1, 5, 2, 4
Distance: 167.36884884067183, Route: 2, 5, 3, 1, 4, 6
Distance: 167.36884884067183, Route: 6, 4, 1, 3, 5, 2
Distance: 167.37669228313635, Route: 1, 4, 6, 2, 5, 3
Distance: 167.37669228313635, Route: 3, 5, 2, 6, 4, 1
Distance: 168.0785786574193, Route: 5, 1, 3, 6, 4, 2
Distance: 168.07857865741934, Route: 2, 4, 6, 3, 1, 5
Distance: 168.51142993874822, Route: 4, 1, 3, 5, 2, 6
Distance: 168.51142993874822, Route: 6, 2, 5, 3, 1, 4
Distance: 169.22115975549573, Route: 5, 1, 3, 6, 2, 4
Distance: 169.22115975549576, Route: 4, 2, 6, 3, 1, 5
Distance: 169.24063694065, Route: 2, 6, 4, 1, 3, 5
Distance: 169.24063694065, Route: 5, 3, 1, 4, 6, 2
Distance: 171.04238842509554, Route: 1, 5, 3, 6, 4, 2
Distance: 171.04238842509554, Route: 2, 4, 6, 3, 5, 1
Distance: 171.55614272469404, Route: 2, 6, 4, 1, 5, 3
Distance: 171.55614272469404, Route: 3, 5, 1, 4, 6, 2
Distance: 172.00283800039955, Route: 5, 3, 1, 4, 2, 6
Distance: 172.0028380003996, Route: 6, 2, 4, 1, 3, 5
Distance: 172.18496952317193, Route: 1, 5, 3, 6, 2, 4
Distance: 172.18496952317196, Route: 4, 2, 6, 3, 5, 1
Distance: 173.89083846548752, Route: 1, 4, 3, 6, 2, 5
Distance: 173.89083846548752, Route: 5, 2, 6, 3, 4, 1
Distance: 174.22261487915898, Route: 5, 2, 4, 1, 6, 3
Distance: 174.222614879159, Route: 3, 6, 1, 4, 2, 5
Distance: 174.31834378444364, Route: 3, 5, 1, 4, 2, 6
Distance: 174.31834378444364, Route: 6, 2, 4, 1, 5, 3
Distance: 175.41369026992956, Route: 4, 1, 3, 6, 2, 5
Distance: 175.41369026992956, Route: 5, 2, 6, 3, 1, 4
Distance: 175.5589612426975, Route: 2, 5, 3, 6, 1, 4
Distance: 175.55896124269753, Route: 4, 1, 6, 3, 5, 2
Distance: 176.19850080706703, Route: 2, 5, 1, 4, 3, 6
Distance: 176.19850080706703, Route: 6, 3, 4, 1, 5, 2
Distance: 176.58661495589718, Route: 2, 5, 1, 4, 6, 3
Distance: 176.5866149558972, Route: 3, 6, 4, 1, 5, 2
Distance: 177.03331023160274, Route: 5, 2, 4, 1, 3, 6
Distance: 177.03331023160274, Route: 6, 3, 1, 4, 2, 5
Distance: 177.23491893952936, Route: 1, 4, 6, 3, 5, 2
Distance: 177.23491893952936, Route: 2, 5, 3, 6, 4, 1
Distance: 177.72919605397362, Route: 3, 6, 2, 5, 1, 4
Distance: 177.72919605397362, Route: 4, 1, 5, 2, 6, 3
Distance: 178.0702889070452, Route: 2, 6, 3, 4, 1, 5
Distance: 178.0702889070452, Route: 5, 1, 4, 3, 6, 2
Distance: 179.05036930434883, Route: 5, 3, 6, 1, 4, 2
Distance: 179.05036930434886, Route: 2, 4, 1, 6, 3, 5
Distance: 179.99711999927894, Route: 1, 4, 2, 5, 3, 6
Distance: 179.99711999927894, Route: 6, 3, 5, 2, 4, 1
Distance: 181.22060411562495, Route: 3, 6, 2, 4, 1, 5
Distance: 181.22060411562495, Route: 5, 1, 4, 2, 6, 3
Distance: 181.8689080992571, Route: 1, 4, 2, 6, 3, 5
Distance: 181.8689080992571, Route: 5, 3, 6, 2, 4, 1
Distance: 182.55695047916345, Route: 4, 1, 5, 3, 6, 2
Distance: 182.55695047916348, Route: 2, 6, 3, 5, 1, 4
Distance: 184.17657044083663, Route: 2, 4, 1, 5, 3, 6
Distance: 184.17657044083663, Route: 6, 3, 5, 1, 4, 2
-------------------
Execution time: 0.001272 seconds
