----- Results -----
Distance: 139.1335417499496, Route: 1, 2, 5, 3, 4, 1
Distance: 139.1335417499496, Route: 1, 4, 3, 5, 2, 1
Distance: 139.1335417499496, Route: 2, 1, 4, 3, 5, 2
Distance: 139.1335417499496, Route: 2, 5, 3, 4, 1, 2
Distance: 139.1335417499496, Route: 3, 4, 1, 2, 5, 3
Distance: 139.1335417499496, Route: 3, 5, 2, 1, 4, 3
Distance: 139.1335417499496, Route: 4, 1, 2, 5, 3, 4
Distance: 139.1335417499496, Route: 4, 3, 5, 2, 1, 4
Distance: 139.1335417499496, Route: 5, 3, 4, 1, 2, 5
Distance: 139.13354174994961, Route: 5, 2, 1, 4, 3, 5
Distance: 146.48778518025614, Route: 1, 2, 4, 3, 5, 1
Distance: 146.48778518025614, Route: 1, 5, 3, 4, 2, 1
Distance: 146.48778518025614, Route: 2, 1, 5, 3, 4, 2
Distance: 146.48778518025614, Route: 2, 4, 3, 5, 1, 2
Distance: 146.48778518025614, Route: 3, 5, 1, 2, 4, 3
Distance: 146.48778518025614, Route: 4, 2, 1, 5, 3, 4
Distance: 146.48778518025614, Route: 4, 3, 5, 1, 2, 4
Distance: 146.48778518025614, Route: 5, 3, 4, 2, 1, 5
Distance: 146.48778518025617, Route: 3, 4, 2, 1, 5, 3
Distance: 146.48778518025617, Route: 5, 1, 2, 4, 3, 5
Distance: 156.37972504892795, Route: 1, 2, 3, 5, 4, 1
Distance: 156.37972504892795, Route: 1, 4, 5, 3, 2, 1
Distance: 156.37972504892795, Route: 2, 3, 5, 4, 1, 2
Distance: 156.37972504892795, Route: 3, 2, 1, 4, 5, 3
Distance: 156.37972504892795, Route: 3, 5, 4, 1, 2, 3
Distance: 156.37972504892795, Route: 4, 1, 2, 3, 5, 4
Distance: 156.37972504892795, Route: 4, 5, 3, 2, 1, 4
Distance: 156.37972504892795, Route: 5, 3, 2, 1, 4, 5
Distance: 156.37972504892795, Route: 5, 4, 1, 2, 3, 5
Distance: 156.37972504892798, Route: 2, 1, 4, 5, 3, 2
Distance: 157.844773992548, Route: 1, 4, 3, 2, 5, 1
Distance: 157.844773992548, Route: 1, 5, 2, 3, 4, 1
Distance: 157.844773992548, Route: 3, 2, 5, 1, 4, 3
Distance: 157.844773992548, Route: 4, 1, 5, 2, 3, 4
Distance: 157.844773992548, Route: 4, 3, 2, 5, 1, 4
Distance: 157.844773992548, Route: 5, 2, 3, 4, 1, 5
Distance: 157.84477399254803, Route: 2, 3, 4, 1, 5, 2
Distance: 157.84477399254803, Route: 2, 5, 1, 4, 3, 2
Distance: 157.84477399254803, Route: 3, 4, 1, 5, 2, 3
Distance: 157.84477399254803, Route: 5, 1, 4, 3, 2, 5
Distance: 158.54441705605976, Route: 1, 4, 2, 3, 5, 1
Distance: 158.54441705605976, Route: 1, 5, 3, 2, 4, 1
Distance: 158.54441705605976, Route: 2, 3, 5, 1, 4, 2
Distance: 158.54441705605976, Route: 4, 1, 5, 3, 2, 4
Distance: 158.54441705605976, Route: 4, 2, 3, 5, 1, 4
Distance: 158.54441705605976, Route: 5, 3, 2, 4, 1, 5
Distance: 158.54441705605979, Route: 2, 4, 1, 5, 3, 2
Distance: 158.54441705605979, Route: 3, 2, 4, 1, 5, 3
Distance: 158.54441705605979, Route: 3, 5, 1, 4, 2, 3
Distance: 158.54441705605979, Route: 5, 1, 4, 2, 3, 5
Distance: 160.56618551756716, Route: 1, 3, 5, 2, 4, 1
Distance: 160.56618551756716, Route: 1, 4, 2, 5, 3, 1
Distance: 160.56618551756716, Route: 2, 5, 3, 1, 4, 2
Distance: 160.56618551756716, Route: 3, 1, 4, 2, 5, 3
Distance: 160.56618551756716, Route: 3, 5, 2, 4, 1, 3
Distance: 160.56618551756716, Route: 4, 1, 3, 5, 2, 4
Distance: 160.56618551756716, Route: 4, 2, 5, 3, 1, 4
Distance: 160.56618551756716, Route: 5, 2, 4, 1, 3, 5
Distance: 160.5661855175672, Route: 2, 4, 1, 3, 5, 2
Distance: 160.5661855175672, Route: 5, 3, 1, 4, 2, 5
Distance: 163.03432541572272, Route: 4, 5, 1, 2, 3, 4
Distance: 163.03432541572275, Route: 1, 2, 3, 4, 5, 1
Distance: 163.03432541572275, Route: 1, 5, 4, 3, 2, 1
Distance: 163.03432541572275, Route: 2, 1, 5, 4, 3, 2
Distance: 163.03432541572275, Route: 2, 3, 4, 5, 1, 2
Distance: 163.03432541572275, Route: 3, 2, 1, 5, 4, 3
Distance: 163.03432541572275, Route: 3, 4, 5, 1, 2, 3
Distance: 163.03432541572275, Route: 4, 3, 2, 1, 5, 4
Distance: 163.03432541572275, Route: 5, 1, 2, 3, 4, 5
Distance: 163.03432541572275, Route: 5, 4, 3, 2, 1, 5
Distance: 165.05609387723013, Route: 2, 1, 3, 4, 5, 2
Distance: 165.05609387723013, Route: 5, 4, 3, 1, 2, 5
Distance: 165.05609387723015, Route: 1, 2, 5, 4, 3, 1
Distance: 165.05609387723015, Route: 1, 3, 4, 5, 2, 1
Distance: 165.05609387723015, Route: 2, 5, 4, 3, 1, 2
Distance: 165.05609387723015, Route: 3, 1, 2, 5, 4, 3
Distance: 165.05609387723015, Route: 3, 4, 5, 2, 1, 3
Distance: 165.05609387723015, Route: 4, 3, 1, 2, 5, 4
Distance: 165.05609387723015, Route: 4, 5, 2, 1, 3, 4
Distance: 165.05609387723015, Route: 5, 2, 1, 3, 4, 5
Distance: 165.75573694074188, Route: 2, 4, 5, 3, 1, 2
Distance: 165.75573694074188, Route: 5, 3, 1, 2, 4, 5
Distance: 165.7557369407419, Route: 1, 2, 4, 5, 3, 1
Distance: 165.7557369407419, Route: 1, 3, 5, 4, 2, 1
Distance: 165.7557369407419, Route: 2, 1, 3, 5, 4, 2
Distance: 165.7557369407419, Route: 3, 1, 2, 4, 5, 3
Distance: 165.7557369407419, Route: 3, 5, 4, 2, 1, 3
Distance: 165.7557369407419, Route: 4, 2, 1, 3, 5, 4
Distance: 165.7557369407419, Route: 4, 5, 3, 1, 2, 4
Distance: 165.7557369407419, Route: 5, 4, 2, 1, 3, 5
Distance: 167.22078588436193, Route: 5, 1, 3, 4, 2, 5
Distance: 167.22078588436196, Route: 1, 3, 4, 2, 5, 1
Distance: 167.22078588436196, Route: 1, 5, 2, 4, 3, 1
Distance: 167.22078588436196, Route: 2, 5, 1, 3, 4, 2
Distance: 167.22078588436196, Route: 3, 1, 5, 2, 4, 3
Distance: 167.22078588436196, Route: 3, 4, 2, 5, 1, 3
Distance: 167.22078588436196, Route: 4, 2, 5, 1, 3, 4
Distance: 167.22078588436196, Route: 4, 3, 1, 5, 2, 4
Distance: 167.22078588436196, Route: 5, 2, 4, 3, 1, 5
Distance: 167.220785884362, Route: 2, 4, 3, 1, 5, 2
Distance: 177.11272575303374, Route: 1, 3, 2, 5, 4, 1
Distance: 177.11272575303374, Route: 3, 2, 5, 4, 1, 3
Distance: 177.11272575303374, Route: 4, 1, 3, 2, 5, 4
Distance: 177.11272575303374, Route: 4, 5, 2, 3, 1, 4
Distance: 177.11272575303374, Route: 5, 2, 3, 1, 4, 5
Distance: 177.11272575303377, Route: 1, 4, 5, 2, 3, 1
Distance: 177.11272575303377, Route: 2, 3, 1, 4, 5, 2
Distance: 177.11272575303377, Route: 2, 5, 4, 1, 3, 2
Distance: 177.11272575303377, Route: 3, 1, 4, 5, 2, 3
Distance: 177.11272575303377, Route: 5, 4, 1, 3, 2, 5
Distance: 184.4669691833403, Route: 1, 3, 2, 4, 5, 1
Distance: 184.4669691833403, Route: 4, 2, 3, 1, 5, 4
Distance: 184.4669691833403, Route: 5, 1, 3, 2, 4, 5
Distance: 184.4669691833403, Route: 5, 4, 2, 3, 1, 5
Distance: 184.46696918334032, Route: 1, 5, 4, 2, 3, 1
Distance: 184.46696918334032, Route: 2, 3, 1, 5, 4, 2
Distance: 184.46696918334032, Route: 2, 4, 5, 1, 3, 2
Distance: 184.46696918334032, Route: 3, 1, 5, 4, 2, 3
Distance: 184.46696918334032, Route: 3, 2, 4, 5, 1, 3
Distance: 184.46696918334032, Route: 4, 5, 1, 3, 2, 4
-------------------